2353
5720
3488
4022
4176
351
5506
5749
3908
8493
4326
2846
4812
9950
1391
9274
9990
243
8335
8127
9713
8858
611
4458
2990
408
6918
3385
1536
4662
4982
4227
5938
6438
5635
6981
632
0
3
7833
2157
6621
3506
7796
3451
671
6279
9341
1290
5819
8834
5445
7199
2772
50
3512
6262
2997
4035
3934
5499
2587
3412
301
1425
1213
6022
879
7493
5897
6513
4028
6301
5420
8593
7684
6266
5725
7613
8955
8813
6550
8184
9329
9798
6272
2560
4845
1271
1803
4164
2821
1079
7447
1539
3117
8946
8193
7583
6105
4974
8813
305
4257
2200
2221
262
8080
6013
8155
7030
5433
3973
1289
9813
3031
1401
8178
3731
1566
6309
6972
1614
8995
6312
3917
1863
2149
569
7431
5714
2855
3060
8818
2487
2860
4674
9668
9701
2541
887
8463
7846
9209
9636
9767
4318
490
4108
2958
5853
2480
2100
2526
1252
5836
6036
7427
564
4827
5242
947
1073
9853
9758
7610
4102
9457
6543
9142
147
2287
8396
5212
1297
5089
3855
8229
3253
6735
8644
1912
4483
1781
5528
8325
7946
6628
7613
4011
4189
8834
4185
8375
770
2894
1837
5019
8979
3812
1683
9622
8738
2041
9345
8709
5482
6660
9547
3190
1280
7257
1973
2260
8569
6371
4773
5940
7108
7230
9447
5355
2536
2142
3018
6250
3400
3151
5720
2423
7283
8282
4051
9481
4857
7632
5258
3615
8454
38
6411
2702
9555
3597
7714
1238
5586
7069
5792
4463
871
3998
199
581
1991
5987
4337
2861
4232
1907
3697
2099
6055
5077
5185
4658
6889
7047
9562
5567
8345
7003
6914
8450
2752
4255
4576
3505
9299
6504
75
8331
3606
666
9968
4174
8847
2741
9858
534
6133
7632
2860
9027
2230
8411
2274
5989
9128
9476
1398
7543
599
8536
870
8997
2877
8163
4882
1803
9008
1846
4699
9675
7542
9652
1367
2538
6723
5913
6529
3352
4163
9479
9502
1323
8163
7935
1994
5751
8041
1576
3057
5788
7524
4911
1369
2107
3053
4428
5709
2678
3997
7052
948
8100
5961
7744
6896
8445
7481
450
451
2296
630
3263
1626
3135
5041
1397
3022
5243
9616
8090
992
3586
4131
6198
8369
5385
7157
2751
5524
999
5006
2527
5227
1465
6501
2564
925
3179
2723
6115
3818
4073
3683
5482
8693
4275
581
3313
3504
518
5953
6844
8694
2829
9001
1200
5521
4227
1320
9295
9788
6707
4550
5234
4898
7614
9325
8930
6101
8456
9606
2930
6971
7360
2717
7245
8659
5146
3779
8264
4373
7387
5761
1875
7608
8848
9546
2209
61
4444
5738
4993
6648
5884
1563
5417
5470
3464
3510
4942
1642
2392
6422
627
762
7200
1096
1659
4951
1114
3006
7372
9506
111
4099
5410
1801
4929
7018
8205
4056
3144
3887
7417
8893
4071
1103
7288
8244
7866
1955
2686
5121
7006
1542
3816
9436
9645
3672
2873
9797
7573
7516
7779
9017
180
7788
9727
2430
1843
252
3865
6136
9691
6508
4394
5870
8360
9462
8211
7414
7241
3688
6756
6141
8016
3900
4822
4771
3612
7282
5067
3843
5409
2287
6112
5632
3377
4654
5291
4202
8825
6581
9719
9040
4922
4883
937
8144
8211
6102
8207
8586
6744
4569
1876
9970
2512
8714
7634
2500
144
377
6612
354
2560
3580
5767
9849
5975
4799
5949
7042
649
537
7309
3060
1385
7003
8986
1174
2219
5441
9710
2146
6091
4570
5763
4710
2580
1109
5871
6468
910
6705
6073
5720
8807
1479
8316
7114
2876
8403
4039
6105
8709
540
2654
7192
8187
8549
9521
2677
4550
6556
3190
9940
9975
2512
1893
6650
8558
6736
4705
1285
3977
7183
6078
2649
3834
3955
3315
1077
3124
2844
798
3476
7394
7154
9310
6176
8628
9479
1953
769
5559
6251
314
3154
8671
3726
4814
245
131
6769
6668
5565
7877
6630
9031
1544
9453
8053
6577
1696
866
16
6565
8903
9876
7438
6097
1600
2568
8948
3310
8493
6545
9090
9198
7026
2168
6121
4417
1544
6119
7066
4244
5406
8487
1530
5287
2698
8756
705
1560
5645
2890
2946
6401
5173
1887
4517
4411
3356
8749
5136
926
5613
9641
4580
9094
5127
965
7284
7347
4362
8446
5360
7165
5758
5139
1711
5746
2194
9427
5723
1934
3458
5249
726
5510
9699
1399
2299
8449
2584
8196
1407
451
4902
1828
2135
7287
7636
2282
9171
72
156
6700
8151
1084
2975
3067
7642
9870
7685
6686
9607
9014
6274
3626
4641
3591
6148
1568
2708
1237
5784
5827
5606
6433
1100
4084
2237
9763
4607
9980
3834
979
9573
6741
6434
6483
6071
6037
6926
3389
6935
4040
5288
4964
5665
8330
4486
8185
524
7006
6307
1005
5824
429
8520
1870
6258
4670
1866
9632
9691
2846
9309
3065
5815
3677
4791
600
1048
7189
3023
2387
8123
4615
1043
9932
6594
3972
6777
3296
8240
8724
6254
4172
1540
951
762
7612
461
2950
3300
9441
9676
1061
3969
9421
5334
9703
3896
9710
3928
5470
3041
726
3733
8397
1932
5891
2763
8236
6111
9711
4692
6872
7527
3270
456
4820
1646
1567
9872
1120
1757
4634
2725
1844
7385
2964
8343
3609
7338
9018
6858
9348
5865
8423
1738
4656
5463
8059
6719
8039
8282
7899
3995
3212
7602
1487
7393
6216
7434
1533
4624
5408
9131
2927
5132
7999
7770
5186
8526
9733
4433
5486
8321
700
6778
5149
4013
274
9784
3850
6946
8552
6560
2600
3242
6678
4293
9308
5377
968
8738
2280
2272
2473
4799
6580
8532
5515
1462
219
9054
9408
7472
1103
3731
3273
6889
6426
2868
552
6098
2227
7960
9491
9845
5401
8436
5144
1378
2495
5965
9511
8232
4388
8389
6353
3344
2350
6705
411
2515
5090
2139
7391
8620
2738
4707
8495
2696
4259
5744
6742
1850
6938
9141
1565
8315
3603
1358
279
9519
6638
6457
7418
9426
9350
7186
1291
8529
3519
4471
4772
7157
1644
1370
6180
1113
3242
501
5987
6813
2924
3575
7936
2596
5571
4812
5722
2040
8010
1884
8487
1438
3852
4762
3988
195
8050
1164
8890
5941
5021
5354
2841
9294
7484
1231
7220
7531
8331
5405
8584
5180
7544
9069
4282
996
8835
9283
9724
8831
1473
8400
6940
9555
765
4674
6522
1967
3756
790
1155
7313
3339
5934
1711
8884
7639
2109
3507
9542
3769
8302
7603
23
3244
6757
5368
4621
6604
1501
1178
3301
9069
33
8282
2484
8533
694
7375
5435
375
4965
7723
8217
445
7895
1256
4298
1473
9785
965
9309
4680
910
1671
3908
2492
8516
7230
4404
6084
8190
7061
5036
3746
2497
7717
3971
5080
555
8327
3802
7800
6109
7348
6368
5223
5129
2315
1076
5037
3926
2173
5077
8812
48
8505
214
2203
8141
9119
1901
9310
1194
4179
3514
2531
8468
3361
7061
3019
2691
9623
8912
7235
9681
8867
3308
7166
6648
4921
6439
1377
2137
4273
3010
9226
8472
7548
4961
6206
3157
657
9084
5598
8710
2472
1315
8213
3343
8977
7998
3440
1428
4562
3026
7131
7381
188
6815
6612
5368
5737
1254
6142
2069
8276
7672
9045
7162
8260
8586
6648
2975
9686
2357
6040
8020
4774
2057
763
2806
1739
1698
8093
4400
2284
9010
53
7486
7571
6574
3487
6477
124
3989
9531
5311
4441
4299
7521
634
5750
5412
5230
6992
7812
9099
5648
4009
6612
9474
6939
7676
609
2372
3781
7693
5290
6182
6500
752
235
8813
7426
7083
8824
4009
5162
4058
5413
5118
8162
5468
6389
7667
7972
6331
1101
9379
5787
9049
1619
9441
1382
2325
8808
3961
2444
5917
1504
2674
6957
4398
3498
5135
6145
3559
224
8613
1759
7675
829
1110
9932
5636
5493
8011
7102
5525
7654
1953
9659
6904
2409
1259
9555
4839
3253
3013
6167
7302
128
7096
7252
5996
4403
3849
6144
3939
8985
4957
2720
3797
3331
1463
5107
9158
6747
8625
1887
1489
7507
25
9846
2603
3418
3650
1348
9107
9962
5836
3400
7371
2049
5918
4845
4752
1417
9264
6371
3300
8502
7477
7407
9453
1596
3877
3852
6023
2747
2200
2940
5140
5880
3998
6319
5380
3785
6492
6398
8543
1852
9042
6341
5743
4020
8247
6667
795
5682
645
1263
1614
6076
6546
1408
3895
5580
5395
6265
8505
2824
3269
3704
3010
7817
2230
970
9352
1274
2669
9269
5375
4255
8954
6000
3416
6591
4440
6003
7284
3616
95
519
7286
30
4518
5689
7798
1479
6662
8576
2625
102
5082
4472
3390
633
5939
6139
3739
8930
8359
8092
2502
9303
2521
6543
6809
5686
6836
5512
9692
3784
1024
8254
2094
4256
3832
7532
1598
2689
482
3972
6595
5833
5885
6288
4236
9646
9417
2615
690
8308
4400
7672
1753
9800
4387
2853
405
8859
9599
1999
4138
8766
958
9706
9371
1751
8025
7549
8180
9406
8267
2985
7699
3910
6145
2915
6545
2651
5470
7856
1839
3556
5131
2396
6715
69
2763
887
4402
2517
3517
972
9375
3990
8587
7438
3330
3942
7519
5778
7532
4353
5381
3236
630
6305
3419
9863
4897
2147
9540
2748
2472
1127
5613
1725
3601
3716
7815
439
3
1093
9907
3890
8770
6164
7851
2271
1749
3474
7373
8429
345
6208
2483
7655
8030
7740
2765
9709
4415
4556
5553
4110
8879
7760
920
1967
7631
5527
1545
7050
7020
3553
9347
6022
4869
5020
5460
6415
762
5486
3447
2786
6159
2669
8602
3960
1424
3998
7373
1788
9488
9880
2326
5738
8858
324
34
8741
9336
3940
7494
1733
5473
9021
8836
2524
428
66
6248
6996
9219
8830
1490
3703
2468
9597
7374
1657
9889
7688
2159
6278
6071
7420
5226
612
4459
278
9230
2084
848
7645
9234
779
5846
3499
1751
1479
2044
7945
7388
7873
1638
8359
1921
5406
2697
4261
547
8544
8291
4960
9333
8191
7640
5708
2976
5280
5176
6475
5473
6832
4940
7351
6785
9744
1583
8434
1778
572
233
9399
1508
1977
9781
6332
1064
9627
8933
6407
60
6496
3964
5898
3301
6589
3785
5532
8763
9059
8787
1637
126
9293
3920
3446
2774
8456
1056
7523
6936
6255
6582
1294
420
3842
6470
3954
3611
7971
809
8984
3742
7694
1310
3273
3874
5570
684
9200
9344
5407
9938
7051
6441
2718
6815
6110
8406
5607
7309
5508
5677
68
9239
4740
6687
4272
732
3916
8831
2490
5372
2092
5117
3788
7551
3105
3409
7795
5989
5596
1955
8122
968
9294
5478
2839
6413
8627
9045
4370
2682
7913
8629
1230
1009
843
1467
3573
7882
9294
3415
4148
5935
1175
3053
9024
2625
9926
4964
595
5593
1348
3816
6055
5880
9653
3098
3966
2703
4905
5143
7595
4859
2629
6869
3553
2824
5384
5594
4103
7430
877
9015
2196
4617
1149
6594
4668
8602
9390
4385
5559
6683
7915
9442
7242
8328
6385
3496
4197
2649
8436
3727
6872
7796
3532
7728
8627
2783
4783
7761
1368
8483
1660
884
8735
4812
5585
3151
1862
6765
5450
6107
6243
2560
3847
550
8727
6507
744
2996
385
830
4519
7810
92
5017
7699
6187
2502
4091
8148
2419
3630
4868
9776
4033
3240
4508
1145
9177
6593
6093
4080
7479
170
7515
2010
3768
1331
9237
7613
9442
5733
8179
4872
4724
8411
3198
3709
2856
3118
2207
7099
8293
9932
5999
4124
3202
3221
6030
7751
1492
5921
2944
7907
3160
4369
1585
2938
7292
8352
2601
8005
4551
9974
9947
4553
2249
1722
3527
4494
7677
1232
2783
7080
2156
1222
4615
1956
2107
9303
4726
3201
4740
9979
5897
88
6146
7211
8070
441
8997
8148
9661
4419
6454
296
3403
7632
8261
3515
776
4923
9134
6672
8689
9151
4154
2737
4864
8349
3793
7525
8679
809
4908
625
3563
2754
5353
9070
5517
508
793
770
4244
2652
6963
8494
3942
3407
5467
1555
22
9335
3773
3506
647
9619
1923
1103
4558
3978
1207
5921
9125
3252
8978
2233
2972
8341
4290
9276
6122
6247
9834
7534
6994
7283
6323
3469
4577
5835
4128
2407
8371
1111
5024
1481
5077
2986
5437
9190
9525
5600
6177
7376
133
8630
6168
1013
95
7254
3584
1081
9410
7870
8685
4652
8203
4556
8217
5352
7359
6344
6344
6362
2580
4078
7594
6378
2032
9894
2394
264
4025
8610
5779
7845
5339
708
8835
6347
1768
1241
4599
5626
6105
6837
6117
8849
9251
3532
4841
8629
6549
1610
4551
1760
5198
2177
8463
9337
203
5693
1647
9771
5966
6773
1698
6117
2058
2575
1446
8079
1643
1216
3260
6611
802
4224
5784
1631
4478
6390
4120
9590
6294
2837
5361
5933
6723
2850
6292
7801
8379
4001
2704
3714
9000
379
8865
8132
5287
5182
3671
275
6587
6209
2257
3032
2130
9603
120
2844
4368
7007
9816
4671
1943
125
5721
3782
1704
584
1884
3679
2339
8183
4897
7490
7787
6171
5205
7430
837
5636
4248
3660
8062
3232
9820
3564
892
8609
2250
987
3757
9626
5423
7590
7628
6454
7124
269
2610
2277
3419
6766
8888
7827
53
381
5419
1094
656
9086
2009
2389
2750
3695
4759
2736
513
900
4629
4800
7458
6464
9465
9451
6481
1948
5720
4051
3078
4200
4115
7229
7334
9852
8158
9481
8481
6729
3196
6067
3656
7200
1750
5476
3757
7198
346
5941
4354
4900
288
3714
1843
8895
1192
4151
2208
6296
7151
2138
8274
4026
1393
36
1263
26
344
4157
4681
3832
8914
2627
8784
5874
9297
935
3640
1103
587
452
7157
9343
9666
2172
7027
5596
5486
7409
6386
2764
2534
6237
7374
9526
7998
6207
6156
8975
6123
5571
2849
5584
9265
2300
4573
2662
4061
9456
5988
7861
1918
1392
7293
9386
4718
9779
6372
6700
4735
5150
2954
7341
4273
5218
8188
5523
8704
1505
6929
413
1498
9614
2108
948
3581
2497
2354
3889
4943
9092
1525
4869
3992
3534
975
728
2937
2009
8331
6161
176
4625
7341
8191
9475
2475
5425
1458
5450
6031
4992
3673
3625
4564
3296
4649
9803
7015
931
6902
538
8680
7615
7713
1787
4481
4910
7726
6247
8339
8475
9281
2627
1838
5213
3845
1969
4157
6945
3016
127
956
143
5382
1069
8056
8175
8929
7197
3889
9460
6890
2067
6126
9430
5678
876
2365
7342
1328
7259
8997
538
2463
8189
9818
1424
5796
4302
4108
4351
5018
4133
9997
9041
6474
442
7373
1278
4001
7784
8788
618
2529
8014
9307
6237
8369
6719
2839
8483
4194
7161
7011
2490
7855
1667
7112
9209
15
2367
7740
8673
1883
3807
7317
5627
4454
6659
7576
5808
1326
3569
9411
6696
1598
9726
8179
5706
4589
4408
5170
5554
5639
2854
8752
9744
3621
359
5373
3101
171
8247
1681
9561
1135
9936
3688
1776
7361
3101
7405
6763
5579
9642
1778
8562
4486
3319
3017
2383
1398
4331
2099
9918
5523
8421
4242
7168
166
6526
8924
2223
7068
2171
2351
8636
1770
9502
9083
2724
6749
4571
5729
4593
1340
6872
7526
3084
9549
9710
6835
8784
9888
1805
9741
2603
6204
8556
2556
4446
7396
221
2474
9059
8838
2430
1257
2701
5664
1484
7169
8139
3999
2866
358
4071
4693
2224
3090
9771
6358
3783
8260
7011
7743
3568
7604
5437
2484
7260
6737
7549
9701
790
9050
5773
3708
6421
4629
9346
6549
7614
5423
8778
9434
6902
7409
5713
618
4068
6251
2226
1622
3445
7775
1082
1912
3785
3245
4217
1520
267
3943
6386
5740
5103
7024
2610
2707
3299
8005
6877
5678
6376
4312
675
3811
1930
5733
3218
1520
666
6452
1525
416
6877
3482
2634
3597
1373
5147
8434
7891
9213
8736
3025
8525
7146
880
8181
7518
333
3279
1235
5997
9117
7504
4109
3438
6834
8248
1583
4377
7284
2353
9001
5370
8850
7511
3687
1604
3182
4835
332
5922
9397
673
5150
5852
3533
256
5482
4754
55
5285
8184
8424
8467
9516
3609
9678
7811
2925
7709
795
9064
8695
4593
4934
7000
203
6293
3408
6754
9912
2284
3649
3896
4094
1980
1965
250
1777
3574
9027
2052
844
591
3922
1821
2367
1805
9128
2960
679
8029
4729
3592
5929
8129
5016
821
3867
9384
3637
5275
7278
3493
9315
3145
3147
1777
9445
8151
2825
8507
5956
4616
6408
8286
6735
5935
3454
3500
6544
6782
7388
9462
4183
1930
9852
6301
5109
6954
777
5203
4871
1166
2682
9611
3293
749
4556
7215
5158
1446
1739
3567
3162
1848
9101
2999
8964
7661
6892
874
6553
8289
7390
203
1273
2865
8723
6218
3313
4510
6298
107
5851
5520
1391
9794
6995
9351
4549
3291
86
8589
6300
6998
4841
1688
7311
479
3459
2139
9726
9739
6232
9148
6659
2895
2740
3040
1330
875
3968
2083
577
6964
7411
9812
7906
4095
8152
2860
3658
7688
7672
7103
6767
802
8788
4811
898
5802
9954
6189
4438
4212
7537
852
7325
6711
4362
1133
526
4036
9717
333
9140
6257
8661
4413
6790
6277
5793
367
7438
8140
4288
8911
7321
3385
5248
677
2026
9499
3155
3751
7019
2440
2231
2732
7409
5447
7457
4251
9722
7034
9701
737
5702
5272
756
7489
7135
6152
9826
1013
2359
2249
930
5155
3821
5151
9153
2812
6427
5127
2188
6398
638
3580
4095
4536
7315
5474
9404
269
4731
4032
1363
4482
4699
6923
5508
690
6258
9229
8430
9730
6663
9844
7971
5966
2671
646
7706
2049
6232
3058
240
5204
2997
8402
1741
8094
8823
7006
2607
6041
4100
6506
4741
7541
5222
1951
9833
4422
8914
1158
2762
4745
8292
3200
6549
1620
2356
9076
1488
2666
9591
2064
4612
5678
2804
2096
1412
7055
4496
2381
5598
4114
3849
5244
2124
7646
2780
3719
6791
8016
6564
8809
4186
7854
5888
7907
3022
1353
1615
8652
5367
123
7258
7125
5210
9584
8286
9882
5929
2082
5940
9556
1757
6396
6111
7099
6687
2976
3410
8953
1523
1236
1339
474
8561
7270
7808
9023
4641
8960
9348
6610
226
4392
9750
564
7912
9822
2007
1986
8080
8824
8822
2614
9233
